#: name: Table 117
#: description: Differential cross section as a function of the centre-of-mass energy for the angular range COS(THETA(K+,CM) from -0.55 to -0.45.

#: data_file: Table117.yaml
#: keyword reactions: GAMMA P --> K+ SIGMA0
#: keyword observables: DSIG/DCOS(THETA)
#: keyword plabs: 1.053,3.830
#: keyword phrases: Exclusive | Single Differential Cross Section | Angular Dependence | Photoproduction | Strange production
#: RE,,,,,GAMMA P --> K+ SIGMA0
#: COS(THETA),,,,,-0.5 (-0.55--0.45)
'W [GEV]','W [GEV] LOW','W [GEV] HIGH','E(P=1) [GEV]','E(P=1) [GEV] LOW','E(P=1) [GEV] HIGH','D(SIG)/DCOS(THETA(P=3,RF=CM)) [MUB]','stat +','stat -','sys +','sys -'
1.6949999999999998,1.69,1.7,1.062,1.053,1.072,0.2539,0.1516,-0.1516,0.0241,-0.0241
1.705,1.7,1.71,1.081,1.072,1.09,0.355,0.1333,-0.1333,0.0338,-0.0338
1.7149999999999999,1.71,1.72,1.0990000000000002,1.09,1.108,0.3541,0.1294,-0.1294,0.0338,-0.0338
1.725,1.72,1.73,1.117,1.108,1.126,0.3694,0.1209,-0.1209,0.0353,-0.0353
1.7349999999999999,1.73,1.74,1.136,1.126,1.145,0.3952,0.1336,-0.1336,0.0378,-0.0378
1.745,1.74,1.75,1.154,1.145,1.163,0.4909,0.1173,-0.1173,0.047,-0.047
1.755,1.75,1.76,1.173,1.163,1.182,0.4987,0.0827,-0.0827,0.0478,-0.0478
1.7650000000000001,1.76,1.77,1.192,1.182,1.201,0.5145,0.0786,-0.0786,0.0494,-0.0494
1.775,1.77,1.78,1.21,1.201,1.22,0.5602,0.0641,-0.0641,0.0538,-0.0538
1.7850000000000001,1.78,1.79,1.229,1.22,1.239,0.586,0.0477,-0.0477,0.0563,-0.0563
1.795,1.79,1.8,1.248,1.239,1.258,0.5643,0.043,-0.043,0.0543,-0.0543
1.8050000000000002,1.8,1.81,1.268,1.258,1.277,0.6312,0.0438,-0.0438,0.0609,-0.0609
1.815,1.81,1.82,1.287,1.277,1.297,0.6824,0.0447,-0.0447,0.0659,-0.0659
1.8250000000000002,1.82,1.83,1.306,1.297,1.316,0.5985,0.0396,-0.0396,0.0579,-0.0579
1.835,1.83,1.84,1.326,1.316,1.336,0.685,0.0416,-0.0416,0.0663,-0.0663
1.8450000000000002,1.84,1.85,1.346,1.336,1.355,0.6806,0.038,-0.038,0.066,-0.066
1.855,1.85,1.86,1.365,1.355,1.375,0.756,0.0387,-0.0387,0.0734,-0.0734
1.8650000000000002,1.86,1.87,1.385,1.375,1.395,0.7322,0.0405,-0.0405,0.0711,-0.0711
1.875,1.87,1.88,1.405,1.395,1.415,0.7818,0.0402,-0.0402,0.0761,-0.0761
1.8849999999999998,1.88,1.89,1.425,1.415,1.435,0.7993,0.0437,-0.0437,0.0778,-0.0778
1.895,1.89,1.9,1.445,1.435,1.455,0.781,0.0494,-0.0494,0.0763,-0.0763
1.9049999999999998,1.9,1.91,1.465,1.455,1.476,0.6935,0.042,-0.042,0.0677,-0.0677
1.915,1.91,1.92,1.486,1.476,1.496,0.6631,0.0371,-0.0371,0.0649,-0.0649
1.9249999999999998,1.92,1.93,1.506,1.496,1.517,0.6378,0.0373,-0.0373,0.0624,-0.0624
1.935,1.93,1.94,1.527,1.517,1.537,0.5384,0.0306,-0.0306,0.0527,-0.0527
1.9449999999999998,1.94,1.95,1.548,1.537,1.558,0.5158,0.0296,-0.0296,0.0506,-0.0506
1.9649999999999999,1.96,1.97,1.589,1.579,1.6,0.3892,0.0185,-0.0185,0.0383,-0.0383
1.975,1.97,1.98,1.61,1.6,1.621,0.3583,0.0184,-0.0184,0.0352,-0.0352
1.9849999999999999,1.98,1.99,1.631,1.621,1.642,0.3531,0.0155,-0.0155,0.0348,-0.0348
1.995,1.99,2.0,1.653,1.642,1.663,0.3057,0.0146,-0.0146,0.0301,-0.0301
2.005,2.0,2.01,1.674,1.663,1.685,0.2767,0.0145,-0.0145,0.0273,-0.0273
2.0149999999999997,2.01,2.02,1.695,1.685,1.706,0.2427,0.0128,-0.0128,0.024,-0.024
2.025,2.02,2.03,1.717,1.706,1.728,0.1911,0.0097,-0.0097,0.0189,-0.0189
2.035,2.03,2.04,1.738,1.728,1.749,0.214,0.012,-0.012,0.0212,-0.0212
2.045,2.04,2.05,1.76,1.749,1.771,0.1953,0.0119,-0.0119,0.0193,-0.0193
2.0549999999999997,2.05,2.06,1.782,1.771,1.793,0.1776,0.0101,-0.0101,0.0176,-0.0176
2.065,2.06,2.07,1.8039999999999998,1.793,1.815,0.1776,0.0099,-0.0099,0.0176,-0.0176
2.075,2.07,2.08,1.826,1.815,1.837,0.173,0.0093,-0.0093,0.0172,-0.0172
2.085,2.08,2.09,1.8479999999999999,1.837,1.859,0.1667,0.0097,-0.0097,0.0166,-0.0166
2.0949999999999998,2.09,2.1,1.871,1.859,1.882,0.176,0.01,-0.01,0.0175,-0.0175
2.105,2.1,2.11,1.8929999999999998,1.882,1.904,0.1484,0.01,-0.01,0.0148,-0.0148
2.115,2.11,2.12,1.915,1.904,1.927,0.1576,0.0102,-0.0102,0.0157,-0.0157
2.125,2.12,2.13,1.9380000000000002,1.927,1.949,0.1552,0.0101,-0.0101,0.0155,-0.0155
2.135,2.13,2.14,1.961,1.949,1.972,0.1435,0.0097,-0.0097,0.0144,-0.0144
2.145,2.14,2.15,1.984,1.972,1.995,0.1539,0.0102,-0.0102,0.0154,-0.0154
2.1550000000000002,2.15,2.16,2.006,1.995,2.018,0.1448,0.0095,-0.0095,0.0145,-0.0145
2.165,2.16,2.17,2.03,2.018,2.041,0.1435,0.0106,-0.0106,0.0144,-0.0144
2.175,2.17,2.18,2.053,2.041,2.064,0.1398,0.0101,-0.0101,0.0141,-0.0141
2.185,2.18,2.19,2.076,2.064,2.088,0.1526,0.0111,-0.0111,0.0154,-0.0154
2.1950000000000003,2.19,2.2,2.099,2.088,2.111,0.1591,0.0114,-0.0114,0.016,-0.016
2.205,2.2,2.21,2.123,2.111,2.134,0.1751,0.0122,-0.0122,0.0177,-0.0177
2.215,2.21,2.22,2.146,2.134,2.158,0.1481,0.0113,-0.0113,0.015,-0.015
2.225,2.22,2.23,2.17,2.158,2.182,0.1632,0.012,-0.012,0.0165,-0.0165
2.2350000000000003,2.23,2.24,2.194,2.182,2.206,0.1571,0.0123,-0.0123,0.0159,-0.0159
2.245,2.24,2.25,2.218,2.206,2.23,0.1536,0.0115,-0.0115,0.0156,-0.0156
2.255,2.25,2.26,2.242,2.23,2.254,0.1918,0.0126,-0.0126,0.0195,-0.0195
2.2649999999999997,2.26,2.27,2.266,2.254,2.278,0.1782,0.0131,-0.0131,0.0182,-0.0182
2.275,2.27,2.28,2.29,2.278,2.302,0.1802,0.0139,-0.0139,0.0184,-0.0184
2.285,2.28,2.29,2.314,2.302,2.326,0.1615,0.0133,-0.0133,0.0165,-0.0165
2.295,2.29,2.3,2.339,2.326,2.351,0.1631,0.0133,-0.0133,0.0166,-0.0166
2.3049999999999997,2.3,2.31,2.363,2.351,2.375,0.1391,0.0128,-0.0128,0.0142,-0.0142
2.315,2.31,2.32,2.388,2.375,2.4,0.1524,0.0132,-0.0132,0.0156,-0.0156
2.325,2.32,2.33,2.412,2.4,2.425,0.1589,0.014,-0.014,0.0163,-0.0163
2.335,2.33,2.34,2.437,2.425,2.45,0.1552,0.0138,-0.0138,0.016,-0.016
2.3449999999999998,2.34,2.35,2.462,2.45,2.475,0.1393,0.0143,-0.0143,0.0143,-0.0143
2.355,2.35,2.36,2.487,2.475,2.5,0.1693,0.0151,-0.0151,0.0175,-0.0175
2.365,2.36,2.37,2.512,2.5,2.525,0.1551,0.0136,-0.0136,0.016,-0.016
2.375,2.37,2.38,2.538,2.525,2.55,0.1467,0.015,-0.015,0.0152,-0.0152
2.385,2.38,2.39,2.5629999999999997,2.55,2.576,0.1204,0.012,-0.012,0.0124,-0.0124
2.395,2.39,2.4,2.589,2.576,2.601,0.1355,0.0146,-0.0146,0.014,-0.014
2.4050000000000002,2.4,2.41,2.614,2.601,2.627,0.13,0.0124,-0.0124,0.0134,-0.0134
2.415,2.41,2.42,2.6399999999999997,2.627,2.653,0.1222,0.013,-0.013,0.0127,-0.0127
2.425,2.42,2.43,2.666,2.653,2.679,0.1187,0.0139,-0.0139,0.0124,-0.0124
2.435,2.43,2.44,2.692,2.679,2.705,0.1265,0.014,-0.014,0.0132,-0.0132
2.4450000000000003,2.44,2.45,2.718,2.705,2.731,0.111,0.0125,-0.0125,0.0116,-0.0116
2.455,2.45,2.46,2.7439999999999998,2.731,2.757,0.11,0.0118,-0.0118,0.0115,-0.0115
2.465,2.46,2.47,2.77,2.757,2.783,0.09821,0.01096,-0.01096,0.01023,-0.01023
2.475,2.47,2.48,2.7960000000000003,2.783,2.809,0.1074,0.0123,-0.0123,0.0112,-0.0112
2.4850000000000003,2.48,2.49,2.823,2.809,2.836,0.1028,0.013,-0.013,0.0108,-0.0108
2.495,2.49,2.5,2.849,2.836,2.863,0.08317,0.01025,-0.01025,0.0087,-0.0087
2.505,2.5,2.51,2.876,2.863,2.889,0.09118,0.01277,-0.01277,0.00957,-0.00957
2.5149999999999997,2.51,2.52,2.903,2.889,2.916,0.0804,0.01054,-0.01054,0.00843,-0.00843
2.525,2.52,2.53,2.93,2.916,2.943,0.0851,0.01138,-0.01138,0.00893,-0.00893
2.535,2.53,2.54,2.956,2.943,2.97,0.07153,0.01176,-0.01176,0.00757,-0.00757
2.545,2.54,2.55,2.984,2.97,2.997,0.07632,0.01181,-0.01181,0.00807,-0.00807
2.5549999999999997,2.55,2.56,3.011,2.997,3.024,0.06095,0.01035,-0.01035,0.00642,-0.00642
2.565,2.56,2.57,3.0380000000000003,3.024,3.052,0.06228,0.00849,-0.00849,0.00657,-0.00657
2.575,2.57,2.58,3.065,3.052,3.079,0.05292,0.00855,-0.00855,0.0056,-0.0056
2.585,2.58,2.59,3.093,3.079,3.107,0.0537,0.00891,-0.00891,0.00569,-0.00569
2.5949999999999998,2.59,2.6,3.121,3.107,3.134,0.04487,0.00789,-0.00789,0.00476,-0.00476
2.605,2.6,2.61,3.1479999999999997,3.134,3.162,0.04139,0.00701,-0.00701,0.00439,-0.00439
2.615,2.61,2.62,3.176,3.162,3.19,0.05184,0.00794,-0.00794,0.00553,-0.00553
2.625,2.62,2.63,3.2039999999999997,3.19,3.218,0.04184,0.00847,-0.00847,0.00445,-0.00445
2.635,2.63,2.64,3.232,3.218,3.246,0.03904,0.00735,-0.00735,0.00415,-0.00415
2.645,2.64,2.65,3.26,3.246,3.274,0.0354,0.00654,-0.00654,0.00377,-0.00377
2.6550000000000002,2.65,2.66,3.288,3.274,3.303,0.03736,0.0069,-0.0069,0.00398,-0.00398
2.665,2.66,2.67,3.317,3.303,3.331,0.03373,0.00809,-0.00809,0.00361,-0.00361
2.675,2.67,2.68,3.345,3.331,3.36,0.02558,0.00587,-0.00587,0.00273,-0.00273
2.685,2.68,2.69,3.3739999999999997,3.36,3.388,0.0288,0.00741,-0.00741,0.00309,-0.00309
2.6950000000000003,2.69,2.7,3.403,3.388,3.417,0.02214,0.00562,-0.00562,0.00237,-0.00237
2.705,2.7,2.71,3.431,3.417,3.446,0.02702,0.00694,-0.00694,0.0029,-0.0029
2.715,2.71,2.72,3.46,3.446,3.475,0.03274,0.00711,-0.00711,0.00352,-0.00352
2.725,2.72,2.73,3.489,3.475,3.504,0.02193,0.00499,-0.00499,0.00235,-0.00235
2.755,2.75,2.76,3.577,3.562,3.592,0.01274,0.00369,-0.00369,0.00137,-0.00137
2.7649999999999997,2.76,2.77,3.606,3.592,3.621,0.01843,0.00473,-0.00473,0.00198,-0.00198
2.775,2.77,2.78,3.636,3.621,3.651,0.01472,0.0038,-0.0038,0.00158,-0.00158
2.785,2.78,2.79,3.665,3.651,3.68,0.01773,0.00471,-0.00471,0.00191,-0.00191
2.795,2.79,2.8,3.6950000000000003,3.68,3.71,0.01372,0.00355,-0.00355,0.00148,-0.00148
2.8049999999999997,2.8,2.81,3.725,3.71,3.74,0.01439,0.00481,-0.00481,0.00156,-0.00156
2.815,2.81,2.82,3.755,3.74,3.77,0.0154,0.00482,-0.00482,0.00167,-0.00167
2.825,2.82,2.83,3.785,3.77,3.8,0.01489,0.00446,-0.00446,0.00162,-0.00162
2.835,2.83,2.84,3.815,3.8,3.83,0.01066,0.00285,-0.00285,0.00116,-0.00116

