#: name: Table 124
#: description: Differential cross section as a function of the centre-of-mass energy for the angular range COS(THETA(K+,CM) from 0.15 to 0.25.

#: data_file: Table124.yaml
#: keyword reactions: GAMMA P --> K+ SIGMA0
#: keyword observables: DSIG/DCOS(THETA)
#: keyword plabs: 1.053,3.830
#: keyword phrases: Exclusive | Single Differential Cross Section | Angular Dependence | Photoproduction | Strange production
#: RE,,,,,GAMMA P --> K+ SIGMA0
#: COS(THETA),,,,,0.2 (0.15-0.25)
'W [GEV]','W [GEV] LOW','W [GEV] HIGH','E(P=1) [GEV]','E(P=1) [GEV] LOW','E(P=1) [GEV] HIGH','D(SIG)/DCOS(THETA(P=3,RF=CM)) [MUB]','stat +','stat -','sys +','sys -'
1.6949999999999998,1.69,1.7,1.062,1.053,1.072,0.101,0.0946,-0.0946,0.0096,-0.0096
1.705,1.7,1.71,1.081,1.072,1.09,0.2777,0.0698,-0.0698,0.0265,-0.0265
1.7149999999999999,1.71,1.72,1.0990000000000002,1.09,1.108,0.6641,0.1255,-0.1255,0.0634,-0.0634
1.725,1.72,1.73,1.117,1.108,1.126,0.5074,0.0646,-0.0646,0.0485,-0.0485
1.7349999999999999,1.73,1.74,1.136,1.126,1.145,0.5967,0.063,-0.063,0.0571,-0.0571
1.745,1.74,1.75,1.154,1.145,1.163,0.6413,0.0749,-0.0749,0.0614,-0.0614
1.755,1.75,1.76,1.173,1.163,1.182,0.7646,0.0886,-0.0886,0.0733,-0.0733
1.7650000000000001,1.76,1.77,1.192,1.182,1.201,0.8351,0.0687,-0.0687,0.0801,-0.0801
1.775,1.77,1.78,1.21,1.201,1.22,0.8764,0.0444,-0.0444,0.0842,-0.0842
1.7850000000000001,1.78,1.79,1.229,1.22,1.239,0.9089,0.0393,-0.0393,0.0874,-0.0874
1.795,1.79,1.8,1.248,1.239,1.258,1.119,0.045,-0.045,0.108,-0.108
1.8050000000000002,1.8,1.81,1.268,1.258,1.277,1.178,0.045,-0.045,0.114,-0.114
1.815,1.81,1.82,1.287,1.277,1.297,1.391,0.054,-0.054,0.135,-0.135
1.8250000000000002,1.82,1.83,1.306,1.297,1.316,1.462,0.052,-0.052,0.142,-0.142
1.835,1.83,1.84,1.326,1.316,1.336,1.545,0.049,-0.049,0.151,-0.151
1.8450000000000002,1.84,1.85,1.346,1.336,1.355,1.595,0.044,-0.044,0.156,-0.156
1.855,1.85,1.86,1.365,1.355,1.375,1.706,0.048,-0.048,0.167,-0.167
1.8650000000000002,1.86,1.87,1.385,1.375,1.395,1.784,0.047,-0.047,0.175,-0.175
1.875,1.87,1.88,1.405,1.395,1.415,1.961,0.049,-0.049,0.192,-0.192
1.8849999999999998,1.88,1.89,1.425,1.415,1.435,1.897,0.045,-0.045,0.186,-0.186
1.895,1.89,1.9,1.445,1.435,1.455,1.995,0.046,-0.046,0.196,-0.196
1.9049999999999998,1.9,1.91,1.465,1.455,1.476,1.79,0.044,-0.044,0.176,-0.176
1.915,1.91,1.92,1.486,1.476,1.496,1.727,0.041,-0.041,0.17,-0.17
1.9249999999999998,1.92,1.93,1.506,1.496,1.517,1.603,0.042,-0.042,0.158,-0.158
1.935,1.93,1.94,1.527,1.517,1.537,1.478,0.038,-0.038,0.146,-0.146
1.9449999999999998,1.94,1.95,1.548,1.537,1.558,1.478,0.041,-0.041,0.146,-0.146
1.9649999999999999,1.96,1.97,1.589,1.579,1.6,1.296,0.029,-0.029,0.129,-0.129
1.975,1.97,1.98,1.61,1.6,1.621,1.217,0.029,-0.029,0.121,-0.121
1.9849999999999999,1.98,1.99,1.631,1.621,1.642,1.229,0.029,-0.029,0.123,-0.123
1.995,1.99,2.0,1.653,1.642,1.663,1.083,0.027,-0.027,0.108,-0.108
2.005,2.0,2.01,1.674,1.663,1.685,1.061,0.026,-0.026,0.106,-0.106
2.0149999999999997,2.01,2.02,1.695,1.685,1.706,0.9478,0.0249,-0.0249,0.0949,-0.0949
2.025,2.02,2.03,1.717,1.706,1.728,0.9215,0.0235,-0.0235,0.0923,-0.0923
2.035,2.03,2.04,1.738,1.728,1.749,0.9364,0.0234,-0.0234,0.094,-0.094
2.045,2.04,2.05,1.76,1.749,1.771,0.858,0.0236,-0.0236,0.0862,-0.0862
2.0549999999999997,2.05,2.06,1.782,1.771,1.793,0.8169,0.0222,-0.0222,0.0821,-0.0821
2.065,2.06,2.07,1.8039999999999998,1.793,1.815,0.7459,0.0216,-0.0216,0.0751,-0.0751
2.075,2.07,2.08,1.826,1.815,1.837,0.7733,0.021,-0.021,0.078,-0.078
2.085,2.08,2.09,1.8479999999999999,1.837,1.859,0.829,0.0232,-0.0232,0.0837,-0.0837
2.0949999999999998,2.09,2.1,1.871,1.859,1.882,0.7,0.0209,-0.0209,0.0708,-0.0708
2.105,2.1,2.11,1.8929999999999998,1.882,1.904,0.6339,0.0188,-0.0188,0.0641,-0.0641
2.115,2.11,2.12,1.915,1.904,1.927,0.6699,0.02,-0.02,0.0677,-0.0677
2.125,2.12,2.13,1.9380000000000002,1.927,1.949,0.5984,0.0183,-0.0183,0.0607,-0.0607
2.135,2.13,2.14,1.961,1.949,1.972,0.5948,0.0183,-0.0183,0.0604,-0.0604
2.145,2.14,2.15,1.984,1.972,1.995,0.5532,0.0179,-0.0179,0.0562,-0.0562
2.1550000000000002,2.15,2.16,2.006,1.995,2.018,0.5294,0.0179,-0.0179,0.0537,-0.0537
2.165,2.16,2.17,2.03,2.018,2.041,0.495,0.0158,-0.0158,0.0504,-0.0504
2.175,2.17,2.18,2.053,2.041,2.064,0.4981,0.0171,-0.0171,0.0507,-0.0507
2.185,2.18,2.19,2.076,2.064,2.088,0.4515,0.0152,-0.0152,0.046,-0.046
2.1950000000000003,2.19,2.2,2.099,2.088,2.111,0.4323,0.016,-0.016,0.0441,-0.0441
2.205,2.2,2.21,2.123,2.111,2.134,0.4675,0.0166,-0.0166,0.0477,-0.0477
2.215,2.21,2.22,2.146,2.134,2.158,0.3808,0.0141,-0.0141,0.039,-0.039
2.225,2.22,2.23,2.17,2.158,2.182,0.349,0.0133,-0.0133,0.0357,-0.0357
2.2350000000000003,2.23,2.24,2.194,2.182,2.206,0.3366,0.0132,-0.0132,0.0345,-0.0345
2.245,2.24,2.25,2.218,2.206,2.23,0.3166,0.0126,-0.0126,0.0325,-0.0325
2.255,2.25,2.26,2.242,2.23,2.254,0.3385,0.013,-0.013,0.0348,-0.0348
2.2649999999999997,2.26,2.27,2.266,2.254,2.278,0.3346,0.0128,-0.0128,0.0344,-0.0344
2.275,2.27,2.28,2.29,2.278,2.302,0.3038,0.0128,-0.0128,0.0312,-0.0312
2.285,2.28,2.29,2.314,2.302,2.326,0.2571,0.0109,-0.0109,0.0265,-0.0265
2.295,2.29,2.3,2.339,2.326,2.351,0.2543,0.0112,-0.0112,0.0263,-0.0263
2.3049999999999997,2.3,2.31,2.363,2.351,2.375,0.2355,0.0103,-0.0103,0.0243,-0.0243
2.315,2.31,2.32,2.388,2.375,2.4,0.2082,0.01,-0.01,0.0215,-0.0215
2.325,2.32,2.33,2.412,2.4,2.425,0.1883,0.0098,-0.0098,0.0195,-0.0195
2.335,2.33,2.34,2.437,2.425,2.45,0.1768,0.0093,-0.0093,0.0183,-0.0183
2.3449999999999998,2.34,2.35,2.462,2.45,2.475,0.1741,0.009,-0.009,0.018,-0.018
2.355,2.35,2.36,2.487,2.475,2.5,0.1769,0.0093,-0.0093,0.0184,-0.0184
2.365,2.36,2.37,2.512,2.5,2.525,0.1416,0.0084,-0.0084,0.0147,-0.0147
2.375,2.37,2.38,2.538,2.525,2.55,0.1442,0.0088,-0.0088,0.015,-0.015
2.385,2.38,2.39,2.5629999999999997,2.55,2.576,0.1262,0.0078,-0.0078,0.0132,-0.0132
2.395,2.39,2.4,2.589,2.576,2.601,0.1115,0.0073,-0.0073,0.0116,-0.0116
2.4050000000000002,2.4,2.41,2.614,2.601,2.627,0.08948,0.00651,-0.00651,0.00931,-0.00931
2.415,2.41,2.42,2.6399999999999997,2.627,2.653,0.08521,0.00617,-0.00617,0.0089,-0.0089
2.425,2.42,2.43,2.666,2.653,2.679,0.09208,0.00659,-0.00659,0.00964,-0.00964
2.435,2.43,2.44,2.692,2.679,2.705,0.086,0.00633,-0.00633,0.009,-0.009
2.4450000000000003,2.44,2.45,2.718,2.705,2.731,0.08106,0.00609,-0.00609,0.00851,-0.00851
2.455,2.45,2.46,2.7439999999999998,2.731,2.757,0.06508,0.00506,-0.00506,0.00682,-0.00682
2.465,2.46,2.47,2.77,2.757,2.783,0.06445,0.00576,-0.00576,0.00677,-0.00677
2.475,2.47,2.48,2.7960000000000003,2.783,2.809,0.05118,0.00454,-0.00454,0.00538,-0.00538
2.4850000000000003,2.48,2.49,2.823,2.809,2.836,0.05513,0.00462,-0.00462,0.00579,-0.00579
2.495,2.49,2.5,2.849,2.836,2.863,0.05136,0.00485,-0.00485,0.00542,-0.00542
2.505,2.5,2.51,2.876,2.863,2.889,0.04498,0.00416,-0.00416,0.00474,-0.00474
2.5149999999999997,2.51,2.52,2.903,2.889,2.916,0.04725,0.00447,-0.00447,0.005,-0.005
2.525,2.52,2.53,2.93,2.916,2.943,0.03597,0.00383,-0.00383,0.00379,-0.00379
2.535,2.53,2.54,2.956,2.943,2.97,0.03852,0.00413,-0.00413,0.00408,-0.00408
2.545,2.54,2.55,2.984,2.97,2.997,0.02615,0.00314,-0.00314,0.00276,-0.00276
2.5549999999999997,2.55,2.56,3.011,2.997,3.024,0.03339,0.00347,-0.00347,0.00354,-0.00354
2.565,2.56,2.57,3.0380000000000003,3.024,3.052,0.02615,0.0032,-0.0032,0.00278,-0.00278
2.575,2.57,2.58,3.065,3.052,3.079,0.02486,0.00322,-0.00322,0.00264,-0.00264
2.585,2.58,2.59,3.093,3.079,3.107,0.0262,0.00344,-0.00344,0.00279,-0.00279
2.5949999999999998,2.59,2.6,3.121,3.107,3.134,0.02038,0.00306,-0.00306,0.00216,-0.00216
2.605,2.6,2.61,3.1479999999999997,3.134,3.162,0.02449,0.00264,-0.00264,0.00262,-0.00262
2.615,2.61,2.62,3.176,3.162,3.19,0.01969,0.00239,-0.00239,0.0021,-0.0021
2.625,2.62,2.63,3.2039999999999997,3.19,3.218,0.0158,0.00246,-0.00246,0.00169,-0.00169
2.635,2.63,2.64,3.232,3.218,3.246,0.01666,0.00293,-0.00293,0.00179,-0.00179
2.645,2.64,2.65,3.26,3.246,3.274,0.01424,0.00239,-0.00239,0.00152,-0.00152
2.6550000000000002,2.65,2.66,3.288,3.274,3.303,0.01442,0.00211,-0.00211,0.00154,-0.00154
2.665,2.66,2.67,3.317,3.303,3.331,0.01105,0.00199,-0.00199,0.00119,-0.00119
2.675,2.67,2.68,3.345,3.331,3.36,0.01164,0.00205,-0.00205,0.00125,-0.00125
2.685,2.68,2.69,3.3739999999999997,3.36,3.388,0.0114,0.00201,-0.00201,0.00122,-0.00122
2.6950000000000003,2.69,2.7,3.403,3.388,3.417,0.0122,0.00228,-0.00228,0.00131,-0.00131
2.705,2.7,2.71,3.431,3.417,3.446,0.01004,0.00205,-0.00205,0.00108,-0.00108
2.715,2.71,2.72,3.46,3.446,3.475,0.008905,0.00159,-0.00159,0.000958,-0.000958
2.725,2.72,2.73,3.489,3.475,3.504,0.009312,0.001881,-0.001881,0.001007,-0.001007
2.755,2.75,2.76,3.577,3.562,3.592,0.008044,0.00157,-0.00157,0.00087,-0.00087
2.7649999999999997,2.76,2.77,3.606,3.592,3.621,0.006304,0.00175,-0.00175,0.000683,-0.000683
2.775,2.77,2.78,3.636,3.621,3.651,0.005319,0.001387,-0.001387,0.000578,-0.000578
2.785,2.78,2.79,3.665,3.651,3.68,0.006148,0.001367,-0.001367,0.000667,-0.000667
2.795,2.79,2.8,3.6950000000000003,3.68,3.71,0.006537,0.001512,-0.001512,0.000707,-0.000707
2.8049999999999997,2.8,2.81,3.725,3.71,3.74,0.006917,0.001499,-0.001499,0.000755,-0.000755
2.815,2.81,2.82,3.755,3.74,3.77,0.00659,0.001802,-0.001802,0.000719,-0.000719
2.825,2.82,2.83,3.785,3.77,3.8,0.007559,0.001591,-0.001591,0.000826,-0.000826
2.835,2.83,2.84,3.815,3.8,3.83,0.004783,0.001248,-0.001248,0.000522,-0.000522

